10090559
80001013
10211361
10020513
10180298
10020661
10368347
10175316
10194293
10351817
80033766
10195724
10223677
10083987
10083938
10338410
10070422
10287647
10329998
10042362
10030029
10179507
10288278
10190045
10176487
10060564
10222245
10184019
10008694
10338348
10077728
80035687
10342367
10180020
10094131
10177342
10338973
10256829
10044996
10256692
10086820
10064774
10210132
10331776
10028693
10067275
80005050
10376393
10194199
10213464
80000678
10214492
10129754
10177168
10385953
10238356
10017636
10086795
10187033
10391187
10203289
10013781
10003741
10313857
10195101
10093362
10081997
10239213
10399461
10256357
10172166
10180304
10222439
10210864
10177475
10128332
80017718
10332105
10216556
10178617
10371850
10315001
10183714
10183050
10095685
10020446
10022612
10074858
80023041
10193459
10085753
10348358
10184563
10135153
10180070
10081550
10052639
10052509
10231172
10174453
10038208
10352407
10075701
10206726
10183164
10303030
10287616
10175989
10287421
10233884
10048915
10208432
10288660
10180231
80023553
10201254
80023586
10340969
10403836
10021494
10342386
10337737
10287784
10213513
10214737
10231412
10057208
10199635
10288382
10016439
10229113
10191515
10187080
10195187
10147181
10097680
10013918
10074102
10204848
10186026
10380592
10121167
10229027
10319406
10300915
10109987
10093666
10231201
10287919
10184317
10180303
10213553
10131797
10227856
10043685
10023870
10064381
10214703
10065467
10338982
10236858
10335886
10002846
10287846
10184565
10008386
10313873
10287565
10337746
10186059
10042998
10288642
10127381
10082024
10330649
10373825
10052770
10307494
10236026
80022708
10196114
10174710
10078616
10207641
10319402
10338370
10356154
10090352
10071777
10371673
10073767
10380608
10201107
10182635
10210117
10018476
10077152
10380481
10070805
10190006
10223757
10181122
10288453
10030435
10231339
10050455
10337870
80022705
10077105
10331596
10180142
10310297
10185028
10094584
10043310
10253678
10211285
10074064
10095473
10298272
10238501
10186650
10045375
10380582
10244582
10132167
10333933
10288781
10300058
10178998
10368849
10119437
10180102
10025657
80025145
10516182
10103574
10224361
10205141
10078011
10287340
10376379
10184404
10067037
10074048
10013345
10222206
10086821
10229004
10287292
10288512
10310641
80000659
10222193
10044862
10287361
10288694
10245819
10008961
10173753
10342344
10176765
10210207
10256484
10287997
10181758
10380500
10017757
10079380
80033123
10207114
10235988
10013755
10296325
10057088
10070301
80034353
10236902
10220333
10017746
10288384
10070305
10184029
10287841
10287760
10117548
10400717
10288645
10337489
10094095
10330620
10182413
10214745
10211305
10373808
10195775
10083825
80025147
10028353
10188025
10088254
10371710
10400474
10145628
10042526
10183008
10210721
10407210
10282520
10232836
10182497
10045204
10081095
10182002
10211280
10228890
10383621
10256386
80036598
10181722
10183776
10236053
10094127
10047286
10069555
80015256
80035409
10005632
10271148
10190063
10068913
10093903
10187030
10207323
10029581
10083943
10287556
10058205
10067082
10176601
10029668
10330622
10271164
10001017
10337727
10218293
10117975
10208061
10180356
10329948
80021479
10028516
10210157
10132458
10185261
10200747
10000272
10235958
10197792
10380484
10083457
80019280
10089503
10203334
80032793
80033965
10310626
10026465
10188651
10240656
10177045
10230194
10288076
10287462
10210299
80021342
10019409
80034219
10087768
10337676
10256429
10067059
10376520
10381180
10183601
10078741
10088281
10287959
80023032
10378345
10383595
10016904
10226052
10023872
10233903
10188016
10088331
10117593
10398999
10128804
80005083
10210061
10351533
10356125
10095686
10306316
10045222
10289080
10194191
80021182
10180257
10230122
10317976
10174749
10180255
10234804
10226483
10290706
10119804
10208273
10010895
10371683
10223891
10298259
10175518
10287479
10196106
10186839
10220448
10341251
10236038
10081766
10017740
10096101
10055897
10076388
10181759
80034218
10095662
10189025
10004309
10288421
10380488
10211274
10337697
10199554
10095679
10064437
10287840
10236852
80012483
10287728
10002501
10207256
10249833
10088336
10345470
10307761
10293718
10329941
80000675
10181977
10210141
10087683
61073634
10261428
10075918
10002291
10210680
10277918
10215116
10180057
10288395
10342382
10207005
10081548
80021344
10052243
10323914
10094457
10194539
10182975
10380535
10032105
10365452
10135551
10083816
10180278
10337995
10223799
10185767
10337310
10337764
10230108
10093564
10288686
10380598
10233908
10062823
10132984
10118635
10223900
10024303
10173476
10210032
10032964
10088260
10225961
10288084
10055879
10257744
10183298
10293867
10374714
80015358
10174318
10214672
10016421
10076614
10230467
10074136
10287976
10243268
10086473
10231416
10177450
10182409
10192235
10337853
10287918
10180153
10337728
10020873
60117557
10287781
10011079
10175522
10180071
80024821
10080810
10075722
10254529
80000664
10186138
80022480
10338412
10380540
10199008
10288776
10186208
10314975
10231443
10383622
10178903
10094597
10225463
10204403
10039890
10253203
10180354
10204495
10226973
10025783
80024755
10183348
10095770
10203795
10093877
10358191
10058600
10294382
10186653
10229024
10365398
10073677
10069604
80021487
10288704
10094045
10195507
10025867
10025163
10095681
10307493
10125150
10132007
80021421
10187105
10172289
10081059
10180167
10214421
10127307
10055901
10043687
10067107
10028518
10199006
10288665
10062393
10135598
10119809
10052040
10289280
10094259
10289649
10216753
10279827
80000667
10210183
10337254
10134623
10095747
10288293
10355701
10117464
10003228
10056267
10069661
10236854
10008879
10337667
10186028
10186076
61059421
10045378
10318579
10175519
10367833
10055864
10132067
61057378
10288055
10288169
10380515
10289301
10239211
10074291
80025214
10323908
10175227
10307288
10314139
10287289
80000660
10183851
10059195
10024285
10323918
10141330
10329996
10093202
10032013
10050238
10293267
10406665
10023530
10256646
10192101
10287745
10381784
10186118
10119478
10253914
10293866
10288678
10028080
10341258
10207108
80023077
10264388
LYBLCM00810020250610000028
10189254
10093982
10067103
10323905
10342292
10175271
10061902
80013035
10233890
80023156
10228858
10187034
10330623
10071118
10185314
10383603
10183004
10298279
10135747
10181036
10210077
10079248
10189029
10210100
10090267
10004781
10238354
10230133
10337958
80033809
10310876
10262849
10392309
10323536
10194763
10090095
10213606
10329973
10174763
10337947
10186776
10180086
10030433
10223815
10180644
10178911
10224257
10296388
10365456
10380603
10081551
10380501
10380485
10005219
10378343
10190047
10229003
10287989
10288571
10069837
10135519
10235974
10337679
10055856
10193941
10351796
80036096
10235972
10178858
10307291
10072147
10338416
80034073
10192100
10199559
10095737
10077414
10005226
10013540
10072774
80020970
10056721
10310885
10366379
10071353
80036602
10188199
10003254
10342273
10182000
10013685
10211299
10040376
10231304
10048824
10329938
10131446
10245946
10228981
10186030
10117356
10069585
10337861
10039790
10131444
10287379
10132012
10070300
10202298
10230117
10180636
10329949
10232515
10188033
10235996
10082003
10187120
80014103
10176711
10334435
10180269
10045245
10288612
10351531
10287957
10337068
10287751
10032017
10086438
10317321
10390038
10185026
10210151
10352966
10317240
10009578
10028194
10180343
10007743
10187072
10347513
80035398
80033275
80000690
10288258
10337924
10081553
10079713
10042354
10368835
10178797
10038581
80023814
10313938
10223814
10210128
10195516
10287675
80036440
10288433
10187132
10324838
80032263
10288251
10184543
10182531
10069499
10093495
10129688
80005048
10287533
10288995
10223359
10364364
10072902
10232511
10337724
10287357
10231476
10075561
10202556
10213465
10012297
10178631
10233855
10206955
10070991
10001720
10331619
10344948
10231378
10119013
10141099
10097587
10067149
10044989
10077904
10134954
10054825
80017984
10083590
10184914
10338977
10025727
10319380
10039708
10213536
80036613
10187110
10329972
10081833
10228962
10078088
10231317
10315566
80000534
10027178
10072913
10233900
10334743
10288342
10222236
80014102
10077596
10093667
10051756
10018718
10070241
10189001
10004682
10337644
10186093
10306187
10078193
10027022
10339326
10081889
10345649
10345455
10375048
10027299
10330647
10287408
10287567
10051867
10231459
10065468
10370230
10176011
10061132
10017245
80013466
10235989
10178922
10204563
10356130
10081911
10260051
10016438
10269749
10350676
10231394
10378370
10375286
10376407
10235960
10207913
10136982
10207895
10095925
10087614
10390262
10180241
10216797
10231314
10329986
10288138
10022847
10186000
10370027
10372639
80018559
80021482
10334439
10198003
10052411
10075515
80033305
10211260
10335885
10044953
10024314
10337645
10352965
10231478
10194424
10267223
10337940
10187183
10299557
10231404
10287582
10078093
10380534
10365693
10287965
10226308
10345439
10371316
10288283
10404229
10184451
10187090
10065442
10287300
80033694
10337837
10128824
10225153
10093437
10287612
10023855
10297847
10288773
10287491
10373566
10182298
10290675
80013181
10288236
10011668
10199549
10176998
10186103
10092055
10203384
10081683
10075726
10310272
10231328
10069842
10380543
10182251
10127570
10224901
10390005
10224303
10342321
10288524
10337782
10078090
10210024
10333417
10119716
10256377
10337686
10210198
10293924
10329936
10078022
10117239
10287786
10174548
10237625
10287331
10383601
10117215
10252880
10023149
10287879
10038290
10204838
10287499
10093961
10371691
10180268
10380542
10264787
10288264
10371438
10180412
10020695
10073929
10131412
10065107
10213607
10187152
10064745
80023951
10025162
10287922
10187189
10263475
10219772
10288632
10235977
10256350
10201519
10401316
10019502
10377788
10213470
10288052
10013489
10014218
10019836
10210679
10071785
10210081
10287337
10044231
10287324
10002515
10271771
10174948
10199598
10187079
10246296
10050073
10186079
10214681
10337505
10231338
10342373
10048550
10223739
10298247
10288261
10061434
10210826
10190059
10053661
10338358
10271275
10020763
10274594
80014482
10369372
10228998
80024714
10266464
10195727
10007979
10211270
10188820
10238359
10014213
10206808
10366185
10210092
10211317
10371439
10075618
80023248
10305666
10338362
10025777
80000466
10219766
10261826
10228922
10068224
10333928
10195773
10278377
10309862
10045655
10229603
10021517
10025553
10330651
10077597
10137641
10181033
10254975
10333996
10222167
10052586
10271388
10029900
10210184
10287559
10213516
10202307
10342331
10335683
10178866
10182007
10093685
10018347
10187047
10095511
10170024
10315604
10206073
10320173
10360777
10211329
10055914
10029227
10029828
10288104
80023079
10307978
10225984
10228907
10186070
10186141
10348359
10186126
80036526
10337983
10354858
10371682
10093546
10187081
10339675
10129809
10254042
10380573
10293284
10064435
10207826
10078873
10337670
10226074
10132106
10288505
10226162
10195532
10204211
10337739
10025679
10181869
10044686
10089279
10180256
10337910
10095643
10131629
10002358
10288429
10004677
10259124
10020218
10117678
10086597
10343312
10335889
10023520
10264389
10206186
80015231
10330652
10049040
10221107
10319326
10351489
10056658
10216775
10067014
10177637
10038476
10131968
10287701
10191628
10209475
10288223
10288372
10017909
10034737
10218871
10183597
10258188
10087922
80005367
10224285
10203229
10020254
10287969
10288542
61062212
10093433
10219757
80033266
10287662
10211321
10000719
10179000
10283228
80005355
10344916
10174898
80033770
10231308
10277050
10027071
10350821
10194034
10282511
10044732
10383623
10051759
10118384
10208083
10287603
10056264
10119814
80013034
10337685
10298481
10034160
10039959
10032066
10230214
10255867
10383608
10006531
10175529
10231471
10001487
10128802
10313856
10018696
10132306
10210860
10109997
10370254
10211224
10117312
10235697
10180364
10352941
60121562
10288402
10093329
10288121
10219881
10146593
10365409
10287122
10208636
10376402
10211332
10286882
10211194
10288367
10128717
10014989
10048479
10333944
10204398
10189032
10281592
10295147
10288116
10038525
10174402
10352963
10231364
10312906
10068094
10082009
80035553
10322821
10337786
10290891
10325613
10287493
10210101
10131429
10298015
10194563
10365388
10385919
80013573
10197172
10057122
10325184
10024744
10034373
10337872
10187107
10289285
10068862
10027020
10027127
10180206
10341329
10376425
10288095
10287700
80036437
10094213
10208042
10194212
10063010
10210142
10351945
10157161
10023931
10077767
10172373
10356135
10224553
10371432
10189011
10288760
10295566
10339529
10091926
10209398
10231367
10337738
10195777
10252970
10179310
10244297
10280306
10287418
10345445
10064850
10287835
10180081
10025755
80005085
10288434
10337899
10404543
10356014
10338376
10189026
10023985
10229000
10318592
10052624
10231927
10211220
10180063
10081976
10095644
10020772
10332003
10189009
10337493
10337948
10338354
10342015
10338374
10267489
10060489
80023160
10004691
10187006
10224251
10178211
10208407
10379067
10188003
10088334
10045666
10135399
10179003
10093914
10173008
10009463
10287789
10209628
10288482
10045864
10188307
10129623
10093882
10357215
10367740
10135550
10026481
10020279
10288114
10174955
10013633
61070120
10195239
10240575
10356085
10077176
10236002
10007223
10288940
10195093
10287615
10285088
10298093
10285695
10218888
10288690
10085075
10200746
10213534
10213624
10346453
80004753
10342430
10067188
10201489
10264689
10180130
10376388
80000657
10300336
10183020
10070820
10187004
80033217
10181108
10287541
10093442
10095740
10119932
10049391
10304689
10231408
10232529
10174640
10337911
10403824
10342316
10213490
10329347
10228850
80005515
10337875
10063697
10213533
10003289
10094238
10210225
10288272
10092051
10390759
10181014
10050249
10001224
10177046
10288570
10383575
10004560
80013155
10178984
10202137
10288139
10337826
10287972
10288316
10187121
10231362
10062482
10228937
10025756
10069411
10188163
80033776
10091736
10119989
10376411
10045200
10187003
10337925
10288324
10026025
10181015
10201491
10075628
10213492
10257932
10045928
10071120
10186018
80004754
10337722
10045351
10180049
10380548
10231335
10134625
10210103
10090080
10034743
80000611
10132553
10258826
10083772
10223354
10017285
10211259
10135295
10288151
10287999
80017990
10230148
10223369
10337784
80000612
10271839
10229029
10290898
10237660
10039538
10069666
10307289
80001052
10187186
10187089
10337974
10180254
10287447
10055186
10371681
10337773
10200005
10319368
10223365
10353019
10183003
10312385
10313937
10223892
80034693
10233873
10018488
10337684
80023158
10256558
10228929
10051637
10365453
10288356
10194501
10208086
10348333
10210135
10337779
10022467
80021133
10187070
10078508
10174869
10208536
10288527
10246437
10338806
10213484
10321818
10078092
10330648
10075308
10175848
10203179
10077945
10324006
10079349
10180088
10230185
10219773
10288181
10134649
10089662
10337771
10288228
10226063
10329976
10188313
10371703
10237652
10084461
10030943
10371700
10276099
10256087
10222194
10091713
10012715
10066615
10312222
10040504
10223683
10342394
10228751
10087704
10279792
10016903
10352488
10084478
10338865
10288088
10390760
10288491
10186046
10222200
10324415
10229607
80000541
10039712
10187041
10223875
10280722
10356120
10119808
10186017
10287844
10287614
10287939
10378441
10131576
10288604
10390046
10134745
10183013
10303534
80023040
10095332
10376390
80017158
10287878
10195732
10129438
10182593
10287602
10210149
10288400
10180416
80036603
10094421
10310269
10041159
10180273
80036890
10287849
10028012
10260551
10093566
10376395
10185459
10235971
10235375
10002514
10231324
10197430
10229114
10203329
10127211
10052460
10220874
10065903
10339144
10177815
10231327
10348468
10185473
10287543
10199884
10256390
80001239
80014880
10288281
10195778
10204694
10338404
10083163
10085867
10342385
10094046
10053095
10341453
10236192
10075384
10077946
10288068
10255931
10300222
10219762
10239085
10178461
10183015
10334005
10067119
10032240
10365392
10356287
80005154
10048196
10211214
10316265
10018459
10230104
10287507
10316337
10026455
10232023
10253139
10067092
10027192
10180216
10020341
10186060
80017719
80005379
10080205
10287409
10210085
10288357
10224260
10079596
10050922
80021348
10187046
80000524
10119839
10057663
80005055
10186837
10039874
80013532
10044990
10200210
10180192
10346571
10368354
10337762
10279854
10187049
10231345
10391720
10117027
10084457
10288374
10307659
10194119
80022862
10094027
10180272
10181019
10213518
10288327
10288117
10068590
10401018
10288120
10351535
10371696
10211331
10406281
10337980
10293967
10298720
80000539
80023458
10190691
10287680
10380581
80023051
10288639
10294539
10319142
10287911
10083804
10256922
10366807
10337732
10207072
10063211
80024820
10174412
10287580
10050712
10281687
10077474
10065965
10223360
10390231
10038408
10027026
10264587
80000665
10057402
10096791
10286229
80024561
10380651
10210185
10013692
10287381
10356142
10180336
10210177
10287607
10316595
10034369
10046455
10043692
10187143
10051779
10207076
10189027
80017707
10287667
10221505
10337671
10287992
10187155
10298261
10176486
10216806
10084451
10319410
10075721
10066951
10213522
10337775
10024741
10135531
10380524
80015355
10182498
10337979
10081834
10180169
10055896
10287877
10213461
10090553
10071155
10211239
10319409
10178614
10298243
10203288
10176412
10352949
10187060
10189605
10383585
10229037
10057693
10287420
10086832
10378439
10009829
10238365
10185309
10014193
10222157
80024898
10225655
10032018
10230153
10342362
10214749
10287121
80035066
10013946
10176023
10010911
10293925
10119868
10294786
10371716
10288401
10077761
10194259
10203335
10047343
10352834
10038686
10302852
10187094
10376377
10298257
10380539
10186087
10230513
10051778
10337513
10345442
10371672
10190018
10375126
61047234
10180349
10210156
10213620
10081878
10011608
10185257
10337625
10078489
10288445
10292005
10056645
10045240
10183005
10305988
80036323
10210088
10023738
10182973
10186061
10182008
10203248
10226096
10365399
10287506
80015140
10052651
10176244
80018036
10087149
10093864
10215364
10287834
10188004
10287678
10071535
10313867
10233863
10210178
80017893
10020189
10351096
10178455
80035063
10271153
10135631
10338969
10330142
10303022
10075574
10026214
10073682
10024738
10190685
10318789
61060383
10383627
80024900
10228755
10027148
10043691
10228913
10256915
10006217
10371488
10213588
10287497
10235973
10004693
10024381
10353000
10211778
10094257
10342308
80015139
10194003
10310228
10202701
10323906
10180121
80033953
10045217
10203259
10255706
10060517
10382141
10287794
10381493
10336986
10030600
80022863
10028349
10023210
10180138
80024752
10023756
10085466
10016491
10230172
10072150
10044994
10288081
10316488
10318135
10234668
10352564
10340744
80033742
10135606
10210086
10069057
10187119
10321862
10187074
10336790
10211313
10288544
10204876
10297994
10330682
10287721
10049190
10078883
10290217
10195205
10052041
10325180
10337763
10069786
10214509
80000677
10015849
10313941
10299833
10025668
10287450
10095355
10119714
10065734
10256509
10288688
10199596
10222294
10194008
10020458
10024607
10256422
10213454
10182677
10231319
10277023
10118575
10072141
10121166
10086893
10052505
10080091
10186095
10287809
10021516
10338357
10342320
10116077
10085587
80036134
80001020
10183493
10226761
10207303
10236196
80024892
10216663
10187127
80033700
10068414
10287804
10221105
10186109
10236011
10216799
10173533
10020302
10287112
10190040
10223685
10288517
10319318
10084025
10069226
10019469
10077307
10210063
10032244
10310270
10257579
10198004
10194597
10182012
10254676
10066923
10072439
10180119
10337795
10074759
10214000
10287687
10051727
10014284
10127587
10212440
10195010
10197489
80013575
10339468
10315365
10196097
10337816
10313701
10186001
10210206
80017711
10175182
10287741
10346437
10288408
10240598
10024743
10288051
10207897
10018345
10287609
10119592
10288180
10315342
10213537
10365596
10195069
10204795
10345472
10337915
10135565
10069579
10254129
10027184
10026055
10134622
10176261
10077733
10365438
10287388
10190043
10287729
80022511
80025149
10319359
10053173
10288190
10288675
10339001
10076090
80025153
10087141
10059647
10298593
10233385
10365458
10194007
10376362
10065470
10335880
10072048
10235956
10181492
10337759
10287750
10342359
80036448
10287297
10093853
10077906
10077175
10295564
10119815
10058625
10356957
10287847
10289303
10288075
10017480
10259851
10075691
10004673
10194274
10084494
10288410
80033272
10197697
10188366
10288070
10213617
10321812
10256935
10117906
10209478
10181106
80013157
10187036
10213566
10017758
10007310
10045201
10088324
10221134
10184127
10342378
10011953
10055449
10213475
10061670
10232995
10287119
10288102
10383596
10213611
10233910
10221181
10319194
80014655
10202551
10017780
10077308
10081863
10072289
10095752
10216777
10287570
80034786
10219150
10231305
10184553
10263458
10194130
10314346
10294829
10337687
10010253
10026418
10297541
10364366
10303380
10085868
10355874
10047825
10190009
10187076
10295107
10044405
10174723
10185252
10088689
80023033
10044997
10190051
10338395
80005062
10174500
10287723
80021131
10028441
10200038
10045341
10202338
10257760
10012378
10186725
80036447
10187115
10204241
10190049
10287476
10020439
10196023
10288543
10232506
10039867
10091914
10288269
10310346
10020692
10194478
10062820
10190037
10337484
10343596
10179666
10255699
10337313
10400503
10204135
10337793
10287511
10187048
10178880
10184673
10195251
10287472
10222204
10197861
10337997
10337744
10287661
10312917
10090258
10380504
10183690
10095834
10088308
10077592
10190050
10288412
10292852
10059685
10337991
10129448
10211247
10229036
10066957
10334304
10278241
10337880
10180373
10246407
10337818
10371685
10045206
10345443
10380486
10184745
10365427
10337866
10086862
10045656
10072899
10045361
10250455
80024753
10288449
10048522
10077741
10184043
10342190
10119990
80028878
10181880
80022704
10186031
10121170
10332038
10184024
80033439
80015145
10210121
10235953
10287882
10067940
10287763
80033268
10214981
10004296
10380502
10288658
10287746
10186543
10370203
10335882
10205326
10317525
10187016
10176925
10368735
10344521
80021341
10233892
10126435
10088256
10329999
10199014
10357856
10194387
80025081
10047659
80035422
10072898
10289287
10213494
10341203
10278276
10323902
10126652
10017901
10288506
10297472
10069880
10026466
10079619
80015331
10182011
10089504
10238549
61066241
80000653
10332012
10356113
10231375
10095748
10173076
10298263
10371930
10129715
10348332
10380511
10288218
10027721
10207030
10127611
10333264
10356289
10134652
10059849
80019510
10390008
10117127
10026423
10003233
10180350
10081957
10080648
10288082
10370026
10288388
10371929
10226974
10021531
10053474
10356109
10182345
10181125
10374032
10283720
10311861
10189006
10231380
10061605
80000610
10072393
10207979
10193500
10186015
10211916
10083647
10081916
10180036
10230147
10136432
10056396
10370024
10274029
10025515
10077744
10337726
10274589
10342392
10390128
10331751
10077756
10065386
10356082
10287466
10118636
10371702
10187188
10016434
10187112
10288211
10041368
10178350
10117951
10135152
10188005
10234856
10072021
10230234
10187102
10225964
10062472
10182024
10406699
10207301
10093434
10383570
10072894
10078299
10330383
10180046
10380545
10017585
10019002
10329842
10211264
10210188
10025175
10028378
10284989
10337681
10081980
10334303
10072300
10182505
10306323
10170528
10174600
10288426
10287779
10274782
10226092
10181105
10234460
10221185
10379563
10180179
10287448
10288174
10264418
10230238
10383588
10025747
10055851
10185755
10375289
10329943
10263323
10337531
10001817
10365419
10318599
10180157
10313933
10190067
10187128
10228988
10287351
10288646
80036604
10287111
10009465
10337424
10175525
10089937
10028284
80023043
10213550
10213554
10131521
10213576
10193989
10319307
10180180
10082010
10058249
10370990
10197875
10287557
10175140
10376375
10131426
10329346
10042470
10020776
10093868
10230162
10235975
10288404
10222151
80021129
10219769
10119591
10202658
10194093
80017980
10186043
10190056
10047381
10255926
10191618
10074016
10180319
10176544
10127108
10174199
10371718
10187171
10051935
10180185
10121168
10082015
10298582
10288549
10094048
10095733
10338383
10129723
10234850
10339752
10027028
80000526
10293059
10288691
10196007
10187125
10078485
10261278
10135277
10129803
10067043
10316474
10258142
10338962
10383589
10213507
10119856
10001879
10278577
10298256
10303832
10211333
10287858
10052569
10203899
10135282
10065680
10184035
10208464
80023076
10225173
10057479
10081543
10127365
10356137
10232975
10095783
10337706
10348352
10390020
10164282
10382635
10063862
10176603
10339012
80021476
10237223
10013717
10089275
10338949
10289276
10288191
10012341
10213489
10094310
10365440
10184036
10186941
10333137
10072005
10224296
10194338
10018697
10222209
10227888
10093425
10238409
10235966
10208400
10089270
10275395
10325641
10186654
10180237
10325179
10175964
10071171
10319401
80000519
10180321
10055156
10337887
10038271
10128943
10180113
10083702
10180228
10289290
10135363
10036167
10187068
10348195
10376399
10403822
10161118
10008406
10338411
10180265
10344949
10009415
10066611
10181027
10371705
10228946
10070105
10095307
10235965
10392888
10386001
10226301
10299679
10378440
10228900
10137620
10062540
10254539
10228918
10076764
10197908
10337665
10213598
10048232
10088255
10338392
10350286
10210023
10186048
10062050
10204399
10352958
10288171
10077973
10200548
10287653
10331716
10201102
10202565
10001144
80034367
10174473
10353146
10056036
10207856
10183011
10129858
10016665
80022763
10097658
10383587
10316470
10178792
10288232
10335868
10226516
10210022
10213631
10226058
10077698
10194305
10195525
10009737
10238355
61058325
10227857
10268653
10210224
10366262
10042528
10054032
10337749
10293286
10076504
10077413
10337873
10211850
10288289
10338372
10204814
10093963
10338863
10078010
80035067
10288624
10185701
10172626
10319902
10337788
10094220
10182466
10313991
10399819
10043478
80021152
10257934
10075242
10306281
10070314
10231392
10234985
10229601
10007306
10065671
10126220
10118242
10055885
10076115
10000018
10059458
10024116
10297275
10071398
10186042
10181030
10213543
10366225
10180052
10069562
10013732
10239072
10056894
10016178
10383607
10213612
10287977
10213602
10329840
10287563
10174747
10016402
10172914
10027711
10230292
10137501
10287118
10337838
10027083
10180326
10371720
10089845
10189020
80024817
10019511
10342353
80023146
10184133
10122481
10210871
10084028
10175588
10288244
10252877
10288406
80033269
10293938
10070835
10191198
10288477
10187093
10285694
10371843
10319023
10178888
10124038
10371671
10186006
10189004
10311882
10247495
10338353
10256471
10232531
10230158
10288525
10257995
10094020
10380215
10181121
10129685
10278029
10032004
10231430
10186062
10231928
10175844
10231355
10021412
10061783
10080815
10210182
10067192
10135275
80033701
10209758
61072172
10214669
10349692
10348710
10187129
10211323
10135168
80024987
10337864
10378351
10337483
10049462
10210187
10319312
10178789
10287676
80005283
10337666
80002729
10194544
10360776
10385945
10365396
10287114
10026497
10211263
10073050
10026471
10312559
10288501
10364097
10281578
10076417
10072256
10288520
10134905
10185406
10044264
10230184
10317990
10329935
10081890
10222218
10230225
10202809
10127360
10119844
10079264
10082006
10071807
10093225
10302833
10399462
10206323
10299554
10228936
10288744
10050793
10345037
10067284
10091734
10022644
10077730
10021126
10228190
10182036
10369408
10029095
10093643
10065412
10286864
10083997
10288979
10045356
10210186
10236580
10004890
10187053
10213545
10193603
10225564
10027056
10295106
10310274
10238411
10171638
10211348
10287869
80023038
10074983
10087462
10376361
10005428
10019555
10314044
10310453
10027103
10013339
80035089
10298278
80033276
10183404
10186049
10288288
10210073
10209244
10094416
10249756
10337791
10210042
10006495
80025054
10331410
10211339
10314528
10208671
10230155
10231427
10180355
10193570
10189014
10191117
10000688
10209191
10289094
10206992
10227839
10180082
10074870
10210122
80023075
10187173
80000661
10337824
10230199
10370048
10194339
10202865
10287358
10390868
10257255
10380530
10195776
10132941
10182976
10077759
10233391
10233395
10293934
10172404
10043674
10204499
10180368
10287876
10231372
10022575
10314527
10185432
10255714
10049886
10287597
80035116
10181591
10068308
10234644
10337714
10210074
10055900
10055871
10210143
10013183
10337882
80021134
10189042
10288243
10321819
10224341
10017819
10138448
10013766
10211228
10390025
10084455
80024563
10280704
10009743
10356096
10261742
10088326
10288390
10370972
10054847
10230165
10212050
10287542
10194630
10211272
10189033
10074029
10380506
10040803
10319937
10287336
10376406
10089878
10352996
10174798
10080799
10176038
10081915
10231329
10183594
10132256
80023150
10117493
10342303
10287747
10267221
10194116
10190681
10228990
10330091
10207617
80023157
10000242
10370257
10288754
10067146
10011671
10185263
10060005
10135245
10174206
10231419
10287851
10180645
10093965
80036438
10191189
10203154
10239180
10200760
10204658
10127032
10378344
10236867
10259847
10181131
10134676
80033111
80034819
10210050
10040492
10288135
10288266
10194297
10225633
10256936
10337926
80023147
80033959
10287761
10236007
10081369
10256786
10018031
10073930
10288058
10201763
10210205
10180182
10017390
10386040
80000583
10180089
10213618
10230180
10178912
10287793
10228993
10337514
80033391
10196001
10211226
10055905
10187106
10066799
10068095
10309231
10178804
10064945
10089881
10232519
10064401
10132773
10185251
10180021
10190039
10005410
10390471
60111239
10293266
10329974
61068393
10241184
10086892
10256213
80004751
10382786
10232514
10222196
80033273
10319408
10258406
80015362
10077697
10040305
80017709
10337691
10205767
10205756
10097670
10194370
10044681
10181018
10310416
10045220
80013028
10067095
10316247
10254885
10281921
10091791
10221309
10223954
10182499
10187184
10319403
10256616
10348599
10180401
10337794
10095727
10194348
10074043
10270917
10369459
10287364
10288100
10126232
10223352
10132621
10129724
10258102
10337672
80036129
10187051
10135302
10195533
10074289
10298464
10210192
10093902
10180033
10027021
10069054
10287948
10321810
10228757
10256560
10056066
10287569
10378437
80035114
61066922
10292545
10177359
10093221
10216754
80002732
10225678
10208109
10187035
10132130
10069000
10211290
10067080
10365397
10262668
10129702
80000429
10186147
10043500
10013762
10304459
10051962
10211278
10287527
10287512
10023474
10210055
10186134
10194309
10321861
10088299
10095695
10371179
10180225
10231370
10288371
10230227
10342300
10040450
10287501
10338351
10289952
10078905
10186074
10177344
10310795
10211287
10207851
10187000
10002251
10190690
10288644
10180332
10126578
10338879
10198006
10129579
10187114
10180372
10187133
10380496
10376422
10383633
10206367
10390022
10044976
10174205
10183024
10365404
10222411
10175679
80032364
10287765
10236855
10337695
10338853
10181016
10135593
10231315
10380547
10085246
10290951
10338408
10303535
10339842
10348354
10203067
10288398
10067286
10287857
10213493
10182634
10089661
10024455
10058164
10052237
80021224
10287529
10180018
10213551
10288486
80024896
10278353
80018043
10190026
10188041
10067287
10201677
10326176
10264880
10331183
10194606
10230226
10180027
10220587
10337990
10223373
10337878
10235955
10008373
10234929
61070983
10337716
10371722
10248148
10027324
10288308
10319981
10194204
10115066
10206845
10068309
10230173
10190027
10350674
10022946
10172177
80024894
10211319
10227361
10180043
10314455
10180091
61069088
10130630
10229005
10178576
10084462
10229602
10182229
10296347
10288541
10380590
10055281
10231400
10383591
10400461
10021125
10357855
10230175
10279105
80033907
10234465
10089844
10210155
10012497
10187161
10069638
10186663
10008140
10137387
10284816
10187135
10068064
10344850
10065033
80021055
10229001
10236042
10176764
10318089
10356144
10050072
10188015
10190017
10335527
10330650
10282953
10337814
10348613
10287806
80023039
80036892
10189017
10026179
10022930
80035061
10186100
10177700
10213552
10063562
10287981
10296076
10315676
10257290
10255692
10288492
10075351
10371687
10224069
10287355
10256382
10210067
10012893
10225165
10096792
10228928
80033962
10345453
10190065
10084453
10210119
10180275
10380595
10056041
10227874
10232323
80036436
10087514
10213496
10210136
10216807
10288405
10028079
10180375
10126436
10023441
10076179
10352943
10220602
80019294
10312069
10178859
10229030
10288650
10187032
10257740
10264893
10180383
10337918
10337905
10278371
10005425
10003195
80000479
10025198
10287291
10067939
10190028
10057252
10312094
10193586
10257746
10117565
10067034
10043676
10348345
10129943
10229019
10027183
10004684
10067104
10174501
10052002
10210211
10187130
10078500
10337854
10234917
10025729
10023127
10078527
10221186
10287339
10180311
10288581
10337729
10073799
80035064
10204727
10333834
10023524
10008938
10128723
10288189
80018553
10211907
10202340
10288074
10310292
10132258
10294538
10199003
10220132
10061899
10337798
10081972
10062194
10320174
10210905
10088284
10202352
10175587
10075307
10236050
10252547
10174356
10337812
10081974
10019510
10353338
10337988
80034382
10178994
80033390
10197769
10380549
10340309
10095900
10288693
10217968
10345618
10083838
10233396
10187015
10180040
10080193
10342291
10116376
10021348
10180168
10194055
10298265
10099910
10044313
10256713
10091795
10027068
10011163
10023986
10337760
10025558
10236392
10194739
10077976
10343230
10276036
10256524
10325178
10235131
10287748
10338368
10005393
10332438
10048930
10211324
10210029
10002045
10062224
80021484
10186964
10190280
10383598
10288723
10238353
10288739
10288432
10315250
10131152
10103559
61072542
10287516
10225963
10213547
10376389
10231347
10294834
10230753
10083303
10177357
10288580
10067118
10303086
10337703
10075156
10213583
10330621
10211203
10068963
10194195
10299556
10219776
10316469
10088257
10383577
10295120
10338356
10088261
10078509
10372491
10231366
10187139
10070306
10004699
10346659
10380492
10045081
10347386
10210179
10021800
10213467
10022151
10007863
10093432
10308446
10337504
10093436
10216796
80033383
10287545
10196937
10023736
10043434
10210004
10287348
80001022
10127655
10288387
10288268
10337922
80025152
10220773
10211216
10064790
10371759
10338384
10219582
80000500
10228985
10312003
10071726
10230121
10287294
10207640
10175317
10211295
10231302
10019503
80013189
10185772
10391566
10044958
80021436
10210072
10226956
10089863
10287422
10262435
10380537
10196515
10186012
10095308
10365447
10006596
10375385
10338876
10257722
10231219
10072738
10117136
10337747
10020469
10233882
10194194
10178616
10390440
10093983
10213564
80024904
80018133
80013205
10193849
10177135
10371680
80000790
10064099
10000212
10195182
10006308
10187187
10222171
10317470
10119854
10206714
10238358
10149629
10071689
10210095
10021976
10190847
10221307
10175521
10187174
10287302
10287945
10256298
10257441
80013145
10315235
10018518
10044270
10321787
10371314
10345435
80024589
10207899
80023155
10186139
10193896
10337844
10337804
10000476
10072283
10081691
10028361
10207148
10230181
10087266
10097625
80022285
10322213
10020045
10045657
10180218
10001732
10180022
10093991
10231361
10189012
10230107
10231674
10187025
10058197
10132873
10287744
10230235
10127170
10008605
10086444
10179001
80033966
10304465
10259852
80023990
10020136
80017891
10127917
10004884
10094044
10287329
10210108
10287100
10226252
10180012
10186090
10043336
10352980
10230186
10319328
10044233
10045422
10189028
10027307
80019081
10075297
10213603
10282940
10040405
10177882
10288238
10287692
10194203
10211837
10027765
10007087
10118627
10048860
10337904
10288620
10233907
80005051
10184455
10288067
10337496
10044999
10073914
10253721
10288065
10271560
10085446
10287320
10338978
10186020
10371449
80023934
10352972
10195567
10044694
10337955
10170205
80033398
10185102
10216881
10380575
10346744
10194579
10080790
10044963
10175183
10059487
10288179
10380544
10337688
10316058
10088766
10211724
10295076
10187020
10287344
10071357
10288510
10080973
10231377
10216795
10097624
80021488
10337952
10333989
10338396
10228943
10182346
10034728
10018915
10280443
10072143
10056678
10337898
80024790
10095720
10175976
10045193
10380523
10041253
10249832
10068738
10345471
10061621
10184041
10087716
80024975
10028426
10352953
10293942
10165964
10025551
10287895
10180006
61072349
10256707
10287301
10093890
10119454
10195478
10004892
10266946
10068297
10055860
10295565
10262901
10210181
10287505
10288766
10287115
10067027
10329956
10030924
10234280
10400718
10109993
10231122
10207080
10129684
10288599
10081962
10211210
10187095
10194109
10129733
10189007
10121154
10324568
10287771
10180345
80032788
10004700
10390126
10203258
10210321
10219699
10253319
10213622
80023409
10230239
10369387
10009358
80023815
61065909
10031936
10298260
10314570
10222219
10180270
10287654
10207251
10379845
10335680
10185235
10174471
10406107
10039741
10136827
10063641
10319297
80033399
10217342
10257727
10213584
10231998
10210034
10038289
10330000
10026243
10080668
10126584
10186104
10230139
10236909
10288227
10049868
10178687
10380430
10378128
10334175
80005063
10380588
10187039
10186142
10180062
80033857
10337673
10230218
10324912
10219768
10322152
10047302
10187017
10288623
10224274
10211242
10028862
10287762
10038361
10024089
10352961
10203679
10319417
10119806
10380586
10039872
10208380
10253628
10210160
10044237
80023144
10288219
10194235
80000566
10023861
10324613
10338371
10044988
10023724
10324458
80021481
80033951
10226438
10287460
10132226
10186723
10187067
10365394
10117476
10236021
10069955
10371319
10072770
10304678
10180406
10390470
10375503
10210896
10289526
10370202
10356140
10210176
10288698
10044401
10260032
10338403
10141371
80000441
10231312
10093897
10175096
10330637
10337877
10218747
10364344
80013154
10376391
10025556
10067153
10055903
10338985
10081978
10016897
10284627
10174870
10211747
10065618
10022947
10059616
10288618
10095648
10338987
10174652
10299408
10127601
10194074
10184042
10406686
10193492
10041192
80024822
10020225
10210125
10165123
10067081
10068961
10004679
80000463
10030499
10200744
10177814
10213563
10015155
10382640
80014078
10205512
80034771
10338996
10262373
10255700
10079993
10093293
10072020
10308256
10287390
10186045
10337956
10091599
10075708
10339000
10237470
10256093
10324244
10313994
10095697
10189608
10194440
10232534
10074303
80000613
10337721
10105387
10284625
10288140
10127192
10074986
10368501
10055342
10194107
10353853
10224892
10027716
10233881
10288640
10042302
10238496
10002671
10241048
10356102
10287660
10272702
10293931
10193847
10003191
10129580
10287802
10154135
10337879
10252961
10288564
10018436
10244978
10185176
10225151
10008996
10335233
80033983
10081383
10210175
10047386
10352939
10293969
80025144
10194832
10180281
80033068
10287540
10095512
10256331
10067166
10184452
10189019
10174320
10086928
10103899
10095822
10337481
10380513
10093847
10056478
10231389
10329523
10337797
10210139
10308254
10183468
10210026
10026668
10337856
10178434
80005478
10180067
10089258
10044995
10180232
10049980
10010343
10187010
10063310
10053411
10040804
10265486
10091705
80013033
10256143
10015335
80000757
80000673
10180259
10126649
10194917
10117195
10023908
10318736
10224268
10180127
10081046
10288489
10141610
10197474
10004690
10206096
10338947
10118562
10256451
10337836
10366696
10238368
10285067
10181967
10136463
10232535
10084399
10288134
10337305
10255270
10213570
10352489
10170259
10019561
10340835
10006394
10287424
10337829
10020221
10207422
10337807
10352981
10228950
10210053
10256729
10072049
10221286
10115989
10337881
10027709
80022664
10288311
10287504
10013346
10170448
10337907
10052145
10093883
10288271
80005132
10338359
10190034
10228944
10225921
10017846
10180244
80033277
10232822
10279939
10279887
10300207
10075625
10174756
10210093
10368520
10349266
10062392
10356114
10319362
10375047
10013690
10230176
10256929
10287910
10188009
10224035
10012674
10118167
80036853
10288545
10284402
10298586
10136428
10207321
10045090
10199000
10065847
10287465
10295900
80005281
10094024
10334672
10186014
10119978
10045179
10043139
10213538
10028706
10077309
10179355
10288096
10020077
10380516
10288090
10211304
10049012
10206100
10288256
10287695
10345178
10071755
10159011
10337503
10073932
10288671
10095458
10231373
10205314
10051953
10256918
10288078
10180385
10337971
10078491
80013029
10023143
10338415
10186788
10271146
10186135
10052608
10064152
10380612
10317449
10029767
80022374
10256809
10236001
10314347
10283044
10180320
10225672
10078492
10054014
10027145
10262372
10043681
10211347
10088328
10320820
10288666
10288621
80015401
10365390
80011197
10229619
10288170
10188023
10197805
10134962
10175797
10059643
80015359
10304108
10287754
10338974
10045404
10004671
10073089
10402291
80033141
10380613
80017714
10229015
10383609
10195781
80001016
10044964
10338864
10004301
10210016
10320012
80013781
10341390
10000550
10340873
10058022
10348094
80035062
10175962
10207293
10039546
10044234
10081977
10183007
10184166
10028885
10333936
10229026
10236872
10230135
10341376
10266247
10066936
10228995
10260871
10042803
10337702
80036427
61065760
10351501
10039993
10288935
10119001
10353014
10275711
10185325
10126580
10335876
10232507
10235915
10288353
10372232
10152315
10180044
10287875
10290323
10356145
10205759
10287807
80023844
10186089
10231307
10115981
10211345
10067106
10005225
10187013
80024754
10011501
10090071
10018453
10285046
10187028
80000527
10009467
10287694
10223711
10073888
10180096
10369315
10357373
10287494
80004752
10377888
10231435
10048910
10005280
10032962
10288441
10334441
10177083
10030491
10073931
10218905
10288317
10376410
10401812
10118566
10258799
80036435
10380541
10228980
80034690
10247892
10095739
10310824
10129784
10180267
10210030
10127025
10007024
10288115
10210838
80025484
10081966
10256917
10136536
10221126
10287108
10337855
10288209
10082065
10209411
80020969
10077725
10180196
10337653
10022479
10337750
10288375
80015143
10228931
80000676
10078131
10132189
10074931
80000578
10213609
10287838
10287550
10043472
61060317
10128257
10087093
10235957
10356221
10178801
10094138
80015356
10119721
10319400
10007781
10287109
10047289
80025148
10337755
10093884
10380577
10047353
10219883
10004299
10335869
10066924
10213497
10055852
10337682
10355617
10089120
10177050
10209847
10218294
10044904
80021221
10313850
10228967
10078496
80021471
10380531
80022695
10095658
10297945
10095471
10216758
10185817
10360817
10212242
10022269
10287674
10207081
80025150
80033865
10320677
10119802
10287503
80021625
10337949
10203881
10025164
10185246
10049914
80000532
10080452
10337845
10117496
10236013
10023639
80005360
10230206
10193932
10065964
10282746
10214674
10218456
10287854
10293956
10160291
10077966
10085356
10021490
10288676
10230128
10402297
10026548
10176179
10287544
10338946
10083743
80000103
10288755
80013031
10194529
10371675
10371686
80021485
10224325
10184000
80036441
10370199
10049587
10081996
10258077
80000663
10181013
10047666
10180112
10186549
10071845
10078938
10074254
80000738
10351530
10077235
10274846
10084285
10067004
10208105
10316347
10176665
10191804
10115102
10194761
10342429
80001017
10030927
10030498
10356132
10288415
10288700
10179002
10052233
10007742
10083843
HXR25033100000034
10338367
10386041
10052500
10185137
10067026
10320839
10197850
10132257
10043210
80032787
80024902
10378272
10293943
10088286
10210193
10287457
10050221
10307663
10367716
10282431
10256562
10356116
10288285
10372160
80000536
10213485
80023552
10030327
80013286
80021343
80034398
10198009
10223952
10090563
10304216
10025667
10227311
10236893
10319405
10075612
10003253
10210118
10016902
10287693
10227226
10028562
10334331
10357834
10207077
10047358
10287907
10287755
10231417
10180220
10077992
10380611
10288103
10341330
10175513
80000535
10287659
10180451
10206055
10115072
10400904
10380494
10304021
10237051
10287689
10287342
10350942
10182380
10203976
10187054
10319528
10227851
10338983
10399740
10208171
10019407
10216787
10337968
10310834
10243269
10094047
10218864
10075422
10335509
10173486
10027062
10213508
10220565
10288176
80036442
10059637
10257030
10375240
10256381
10095792
10313870
10332918
10287484
10216855
10053563
10253289
10182552
10221127
80000674
10236052
10026209
10119801
10337963
10339933
10118123
10271172
10208303
10230119
10180322
10337630
10301410
10184193
10094242
10013244
10184207
10210021
10194009
10044325
10128126
10027718
10370126
80036132
10213505
10288428
10184025
10207386
10203636
10004828
10356090
10091946
80000620
80017710
80005361
10288087
10095379
10187097
10231272
10303506
10256210
10186054
10259946
10011948
10186832
10004670
10211275
10400524
10064100
10003237
10248358
10307282
10289102
10337677
10093913
10300047
10049022
10231387
80021425
10355747
80000669
10175178
10026020
10020437
10182123
10253781
10187061
10045003
10313992
10335887
10118228
10019721
10045661
10180042
10177455
10313874
10187063
10383606
10364433
10099148
10189015
10004676
10145542
10337713
10356051
10338373
10365443
10220549
10038253
10329981
10228753
10337802
10197378
10376428
10077179
10273120
10279942
80023148
10022031
10330327
80024565
10129625
10288249
10287655
10356104
10023775
10183014
10371528
10182549
80034401
10043693
10132105
10180114
10371419
10320773
10012699
10053404
10194593
10083914
80013223
10017720
10287966
10365459
10078497
10391585
10318072
10213514
10287684
10211230
10337941
10377306
10194133
10182230
10178459
10221113
10070900
10231384
80033389
10347517
10170450
80013087
10173654
10002513
80017132
10161564
10034709
10093302
10009599
10089267
10078486
10256559
10059793
10184005
10045218
10177081
10200922
10180077
10332393
10297166
10021309
10077965
10094274
10045097
10070237
10117877
10072706
10028100
10383614
10172099
10055884
10183405
80005060
10019890
10364393
10213613
10219761
10306311
10020340
10383594
10186080
10024286
10256725
10089257
10288677
10027077
10332477
10219725
10317471
10383620
10376418
10287522
10174404
10228926
10072024
80000498
10050543
10189010
10390035
10335897
10211641
10210040
10009530
10366188
10287739
10370200
10189024
80005555
10093508
10288130
80032374
10194533
10238340
10060733
10310254
10335883
10210945
10180242
10068991
10230143
10175934
10066971
10039561
10015504
10287359
10175524
10217168
10380942
10207735
10027066
10352539
10043405
10095701
10288205
10213530
10093979
10195515
10308294
10342294
10330680
10233917
10067383
80013027
10195772
10170439
10090144
80033696
10183009
80022565
10296348
10063746
10355527
10288619
10365395
80023029
10224360
10241901
10022820
10088283
10323885
10287935
10287030
10186039
10194280
10337939
10175106
10400530
10028703
10038660
10380519
10174959
10337953
10126575
10180316
10314143
61059977
10256808
10287776
80000671
10230123
10211234
10207644
10057090
10011027
10298264
10288689
10313017
10342374
10297031
10313705
10187052
10288515
10020863
10025597
10053518
10211237
10132120
10214747
10065660
10119477
10187088
10051851
10093865
10337717
10211284
10231318
10077604
10210170
10220266
10287842
10228975
10393159
10335875
10178738
10224673
10312905
10292192
10333134
10288307
10180240
10307934
10288753
10188180
10119491
10044583
10186075
10174203
10333132
10088253
80023080
10093557
10230160
10288502
10383593
10287572
10095723
10187179
10294751
10195156
80000666
10338375
10258242
10081990
10371714
10374412
10288290
10288148
10183639
10292942
10065409
10093869
10204210
80033264
10195524
10189030
10134947
10210126
10287742
10175930
10313704
10376404
10248303
10178343
10356107
10132085
10196736
10310296
10342431
10074811
10013760
10086797
10337161
10335888
10004701
10352967
10182161
10117989
10226130
10258151
10016550
10354749
10188638
10017915
10062055
10287908
10022017
10025554
10337897
10227048
80001059
10337785
10273362
10045120
10136819
80012656
10077745
10380536
10126146
10352872
10052450
10337957
10020161
10094096
10288053
10227855
10231407
10078026
10233877
10094055
10288399
10032158
10177141
10216757
10336492
10136466
10337803
10182238
10298276
80021486
10049178
10288652
10038175
10017284
10338355
10312001
10371697
10183630
10383586
10125955
80023159
10032168
10172628
10132124
80033695
10078502
10238613
10175054
10249014
10256082
80033270
10193604
10330634
10186011
10287798
10236024
10136433
10323904
10300217
10376405
10287657
10286884
10081166
10187092
10215106
10293894
10187023
10180205
10039749
80033254
10222152
10371875
10288319
10125906
10319396
10065064
10039670
10188572
10117129
10297258
10206329
10186057
10117022
10051956
10053914
10342080
10199887
10287606
10213625
10012944
10288242
10204669
10319411
10262601
10257681
10093966
10191041
10288662
10185125
10232512
10338379
10371312
10216767
10002967
10288611
10283849
10223379
10231415
10023559
10229008
10093423
10178484
10216824
10186092
10173080
10195081
80036527
80025143
10203653
10218861
10310822
10287663
LYBLCM00810020250711000059
10216862
10002369
10180357
10284129
10287521
10334565
10076103
10002500
10370998
10367501
10094058
10172161
10178432
10017731
80005375
10319364
10224344
10118027
10186082
10067145
10129411
10337777
10213616
10044562
10337745
10013399
10031918
10284732
10386039
10303189
10214670
10223673
10026424
10231410
10174198
10211282
10074280
10383599
80024893
10390106
10173683
10306510
10062708
10211211
10075244
10248146
10172027
10332899
10287338
10005401
10235340
80004775
10013537
10288344
80021347
10020451
10056767
10186072
10010920
80033386
10287650
10146335
10137659
10027112
10338960
10212537
10066686
10254130
10045659
10338385
10175176
10092053
10015507
10214360
10024357
10288659
10216884
10083302
10174352
10211225
10092052
10049480
10329958
10074255
10288679
10017347
10180390
10029902
10352977
10189699
10218855
10074295
10177169
10298151
10194489
10316798
10287901
10027713
10089268
10223943
61059976
10236019
10095312
10229616
10231310
10207636
10068885
10314523
10288129
80021480
10171774
10337790
10303464
10231220
10287482
10376366
10177391
10032193
10329985
10055862
10176766
10064364
10175171
10119061
10337173
10229611
10230126
10318193
10335898
10223805
10025114
80034870
10188529
10356110
80033886
10290322
10090183
10271241
10295343
10223356
10313875
10238752
80022195
10020554
10230106
10220306
10337852
10056376
80021489
LYBLCM00810020250710000008
10177383
10064744
10180305
10210064
10287417
10246104
10207827
10132942
10365413
80024890
10019504
10288685
10178861
10263144
10057212
10342393
10075706
10287864
10021496
10213557
10073211
10219583
10207382
10178716
10289269
10175523
10126434
10403831
61055834
10232537
10131253
10200758
10090094
10072505
10028082
10222166
10399723
10283688
10213555
10048028
10338381
10187086
10174469
10246390
10134739
10187177
10212299
10065438
10400089
10074036
10180288
10227854
80014079
10067157
80005370
10094235
10295942
10179012
10330662
10180294
10095383
10197426
10093449
10136420
10195512
10256615
10337946
10274631
10066956
10077944
10129029
10044992
10047303
10067141
10187109
10329348
10020405
10186058
10238357
10365432
10186056
10127353
10137638
80000509
10165122
10115958
10287931
10288231
10288480
10079982
10237082
10017656
10287738
10185654
10136738
10067309
10021518
10287995
10288830
10077724
10086124
10186071
10288064
10264700
10018452
10210131
10284934
10319334
10287785
10288614
10322143
10365417
10045089
10044690
10075557
10385376
10266524
10119490
10021193
10186032
10288131
10202873
10177382
10075615
10021485
10307660
10230171
10214653
10256351
10180124
10369446
10230700
80000538
10356214
10266658
10266441
10222072
10231352
10020223
10018038
10041195
10111113
10072108
80024819
10213629
10226952
10321816
10052609
10030394
10287406
10021179
10217962
10021340
10287385
80022703
80036607
10261325
10330657
10319173
10287724
10083644
10017391
10310263
10313845
10307290
10136114
10288187
10337767
10287321
10248234
10067180
80036413
10231428
10185412
30005885
10330624
10183010
10405679
10194627
10230136
10282562
10403838
10021177
10303376
10225522
10186021
10170557
10083139
10288496
10099634
10138494
10132121
80012551
80021222
10287587
80000670
10070420
10056398
10224307
10218291
10039761
10044983
10337787
10210169
10380576
10184032
10089255
10008770
10004310
10207009
10276458
10028621
10380499
10364494
10018036
10042540
10209486
10004882
80013037
10056480
10279230
10018025
10087539
10173323
10111225
10288132
80021430
10181113
10296562
10400844
10283218
10319311
10003235
10126007
10329412
10020697
10047265
10197873
61068330
10383592
10013398
10229016
10080434
10075155
10064460
10186570
10021904
10311740
10174228
10288079
10278724
10056357
10337766
10118611
10004697
80005074
10132300
10190060
10368320
10058247
10271566
10201730
10055275
10093700
80034366
10229041
10313950
10297340
10194095
10195487
10299737
80036969
10288478
10067105
80000514
10288072
10293290
10119848
10039858
10175511
10279825
61059845
10025161
80033267
10007029
10075710
10211969
10187082
10223951
10186107
10079975
10287928
10313871
10019512
10332401
10049184
10288337
10093330
10292662
10371670
80021483
10337908
10311335
10287325
10027055
10256427
10068601
10182017
10083956
10210165
10089896
10095272
80036122
10287770
10224270
10380594
10077710
10073185
10083411
10069472
10074208
10040976
10380521
80025146
10012920
10093197
10034188
10205513
10188310
10032243
10320011
10368871
10184631
10315579
10337761
10288617
10081768
10095790
10022585
10192002
10180214
10178603
10211311
10212425
10232532
10026982
10345444
10287523
10266616
10252870
10288546
10257937
10288635
10078922
10287525
10213605
10280691
10129485
80036439
10337923
10076419
10025174
10090091
80033963
10293971
10218880
10227872
80000940
10129691
10228940
10018693
10214665
10288275
10259947
10288094
10229017
10068417
80012694
10287978
10023675
10210210
10228987
10180399
10194951
10075616
10188022
80000658
10258774
80023074
10131346
10014759
10288343
10094142
10190029
10093984
10288291
10119067
10276569
10206688
10317979
10095700
10177271
10081801
10231993
10208208
10216811
10290325
10043679
10052427
10288287
10270451
10288202
80000662
10287915
10287481
10021192
10089259
10187064
10230101
10117896
10332819
10319420
10190005
10228966
10337494
10121871
80021130
10067282
10069534
80000617
10275004
10228927
10236870
10277048
10174655
10088342
10204657
10015658
10180410
10093412
10228955
10290707
80013109
10295180
10312863
10287780
10004734
80000525
80033265
10224300
10323910
10010233
10288608
10288109
10301024
10001052
10026793
10081838
10216654
80002730
10287110
10335867
10270118
10188308
10288636
10063137
10338350
10336722
10311787
10307652
10194751
10287923
10126433
10180156
10020335
10067154
80036601
10183018
10207578
10172098
10078901
80036600
80000523
10017717
10195425
10226982
10196012
10083930
10331847
10288274
10287498
10024245
10180148
10376403
10338361
10059521
10336635
10306194
10089785
10287299
10186041
10147182
10187116
10213500
10337912
10087467
10200547
10213595
10287848
10184448
80023081
10365439
10081953
10073239
10094423
10129716
10321903
10127110
10231469
10175325
10044104
10185453
10289103
10256919
10287740
10383617
10337675
10342093
10250606
10232741
10380532
10212093
10342391
10024183
80017838
10255146
10223492
10230146
10128819
10095708
10228991
10233369
10093956
10288385
10023864
10230131
10238589
10041499
10372318
10222346
10058251
10196977
10370085
80017988
80035571
10226267
10032103
10256914
10191807
10380526
80036911
10287843
10321166
10226020
10343394
10230141
10236677
10380554
10088348
80013260
10300189
10288383
10180489
10287658
10221122
10135566
10255022
10287495
10007847
10223431
10128856
10069691
10232944
10032008
10190719
10095313
10118615
10023867
10055848
10186091
10088767
10356123
10002218
10287576
10229038
10374297
10066751
10119807
10337696
10053998
10376409
10023930
10230129
10055919
10090127
10072301
10025671
10210209
10230145
10210844
10213488
10085365
10390003
10279847
10246667
10190015
10313996
80021505
10210845
10080413
10005273
10082011
10179006
10293936
10330656
10195848
80013328
10225090
10229455
10004864
10338902
10013764
10083768
10288631
10207317
10221145
10379838
10207563
10256529
10289948
10307664
10351532
10288654
10052599
10342358
80001025
10002042
10205963
10303670
10239700
10207146
10119608
10288142
10086126
10095851
10130055
10095672
10088289
10231341
10008921
10230142
10390062
10216761
10071798
10048215
10205960
10383616
10074014
10352906
10338365
10074141
10172163
10022281
10000447
10378828
10130624
80023082
10180230
10090259
10022939
80005230
10095415
10264294
10255090
10024275
10027095
10079702
10220640
10090151
10030493
10231429
10177764
10184374
80023031
10376383
10019266
10295587
10256055
10210045
10203947
10284818
10183000
10224276
10049016
10235959
10055855
10088274
10085083
10083124
10064104
10211343
10352976
10205355
10236658
10287973
10193802
10013397
10010637
10288622
10183973
10347161
10380533
10213457
10188650
10002236
10380596
10288000
10337950
10187190
10252998
10276217
10237370
10211306
10187062
10211219
10281673
80000594
61070967
10235991
10067094
10206881
10380505
10187011
10216815
10376370
10380616
10088265
10180248
10211520
80005076
10190048
10007978
10371701
10236031
10061932
10022610
10180359
10052855
10380512
10077195
10183782
10321764
10371707
10079332
10287866
10347578
10027176
80021422
10078335
10281900
10372327
10234748
10070240
10298340
10231348
10380823
10337993
10529563
10199025
10067061
10353002
10295612
10126565
10287341
10256495
10287799
10069490
10015073
10214074
10173532
10017785
10137130
61064907
10072146
10365753
10047844
10345377
10270456
80022706
10067631
10287707
10056037
10095811
10005187
10059453
10209710
10310271
10207734
10293945
10126805
10186666
10174084
10069104
10206092
10093885
10126605
10224295
10405930
10004312
10287960
10341178
10283800
10170544
10241047
10092054
10188431
10190036
10205996
10077770
10078185
80024587
10288507
10288547
10191510
10218300
10233861
10329426
10355003
10201673
10202726
10174893
10390472
10300491
10271131
10177896
10128246
10135081
10042843
10365400
10135734
10303365
10012891
10288705
10256931
10281459
10091657
10175840
10067115
10230169
10183002
10287871
10048819
10371767
10080795
10313942
10231322
10180286
10307665
10194431
80023415
10186052
10290237
10288066
10270455
10380585
10365414
10062397
10213623
10013881
10213539
10380597
61059487
10066925
10210047
10207868
10224434
10264871
10207530
10187099
10207861
10329984
10227302
10365442
10184159
10032005
10180095
10243270
10287510
10030606
10177824
80023546
10075704
10351885
10024706
10180056
10356322
10019881
10180212
10043695
10339447
10212041
10308228
10189018
80000517
10183736
80005374
10297477
10045403
10188042
80021463
10288168
10288312
10013769
10249352
80033388
10070101
10287610
10055850
10288295
10118568
80025088
10287524
10337819
10210078
10071533
10207195
10193622
80033955
10187050
10335899
10043682
10287743
10000754
10048523
10219846
10015615
10213535
10365415
10071752
10067179
61068009
10329997
10206561
10212241
10376413
10298284
10376376
10259949
10287994
10288653
10216844
10052045
10206330
10337723
10352827
10228948
10320030
80020971
10095891
10334903
10287526
10093892
10337862
10337751
10213592
10248075
10312008
10349414
80000668
10287354
10210017
10182009
10187073
10335884
10287850
10288226
10352956
10132055
10095348
10287536
10390546
10027027
10337693
10294993
10278576
10180031
10185455
10016898
10186656
10210037
10016660
10018367
10080226
10337822
10288393
80021513
10027710
10093971
10287600
10173649
10226985
10186038
10088345
10228942
10187181
10278575
10044423
10219735
10180344
10137506
80024899
10239235
10253541
10248504
10241531
10008733
10259027
10135303
10329988
10288683
10052650
10185458
10075283
80033775
10071359
10338999
10288350
10183258
10117017
10052254
10175254
10048845
10356180
10135546
10338349
80034773
10209254
10090287
10231398
10188030
10055302
10285908
10333930
10239183
10225925
10189609
10230115
10256163
10015497
10187042
80013032
10221111
10203159
10298267
10345466
10241608
10093894
10210102
10223472
10210075
10211279
10239196
10298273
10333758
10027030
80033767
10015256
10352269
10180329
10352979
10190057
10271380
80021345
10287588
10117679
10063307
10284358
10095721
10180078
10069167
10288136
10159570
10093967
10027132
10293928
10093968
10352950
80000467
10118183
10074925
10190449
10078490
10230102
10067102
10228956
10187101
10216780
10233876
80000462
10365421
10263254
10175574
10337752
10380509
10248400
10177126
10337622
80000542
10042548
10017716
10337902
10131824
10256508
10180243
10174758
10287492
10187118
10365434
10057072
10180362
10370204
10178578
10077289
10183386
10075364
10187065
10210065
10010211
80001015
10062141
10214654
10187007
10093962
10336473
10337740
80013088
10203946
10128118
10063835
10231369
10223381
10062530
10232552
10055868
10241117
10057190
10027088
10079973
10135596
10045188
10180411
80021132
10216830
10210140
10067116
10216770
80016988
10335878
10307580
10337994
10082033
80033958
10325175
10219767
80023030
10084813
10129653
10063368
80023334
10027323
10337996
80005365
10055085
10335681
80000531
10118025
10175175
80005059
10266201
80000495
10287833
80005357
80000502
10329970
10406101
10081661
10348458
10081975
10136298
10018326
10129872
10256785
10218306
10093895
10230211
10329939
10287345
10117135
10216773
10225838
10288362
10288248
10200361
10335679
10196003
10117596
10405666
10400901
10044985
10180030
80000425
80036446
10022634
10207520
10022173
10337492
10021934
10057393
10027156
10216661
10391626
10004736
80017418
10045241
10376430
10045328
10035839
10380556
80021742
10288699
10287613
10064981
10009531
10288396
10228902
10040545
10341349
10287333
10088771
10023438
10013772
10079710
10211248
10287681
10337166
10209231
10178693
80021615
10077477
10248401
10337710
10370845
10295121
10337954
10383581
10288413
10356089
10129959
10080990
10026742
10177099
10030922
10370220
10220601
10280350
10319371
10184003
10180065
10356729
10210189
10097657
10288391
10216847
10172301
10287970
80018042
10022654
10177859
10080058
80035327
10187122
10212931
10019004
10195721
10094354
10314282
10318566
10233902
10249325
10371315
10129063
10080075
10084017
80023745
80028870
10026493
10194118
10231414
10338360
10040411
10003232
80000426
10093563
10019535
10023727
10337900
10256776
10005426
10050162
10181035
10370968
80000475
10004866
10039551
80033393
80023149
10310347
10009745
10093560
10055907
10224463
10376424
80017985
10083466
10288664
10185481
10308389
10350538
10126556
10180143
10039863
10070768
10189037
10128122
10288257
10057091
10287589
10249052
10282064
10004242
10176143
10018461
10338380
80014192
10287116
10058028
10293289
10179356
10231470
10241223
10238507
10342354
10365454
10337769
10117206
61058385
10287113
10195204
10082005
10237750
10014569
10229045
10083837
10262443
10266442
10091619
10313846
80013335
10187043
10287530
80013159
80022694
10207034
10012652
10233906
10044300
LYBLCM00810120250327000029
10219764
10234847
10187026
80000473
80036444
10182221
80001024
10005275
10337061
80018046
10079121
10357036
10194111
10088614
10337510
10194232
10074300
80024888
10231344
10210172
10063266
10207811
10337517
10025547
10337860
10181115
80021623
10337719
10004543
10348708
10002224
10310389
10082034
80000491
10016445
10230110
10194129
10225710
10335895
10011576
10056315
10043690
10073859
10295053
10195586
10226981
10185408
10287295
10175963
10293080
10338964
10089253
10221144
10233889
10126128
10352960
10050928
10342375
10303500
10288589
10182031
10406193
10180353
10288559
80005358
10337883
10052534
10204839
10187059
80021135
10068873
10077751
10023862
10026633
10048357
10196105
10049019
10077236
10071836
10236009
10300149
10190041
10287371
10288529
10230191
10028250
10227875
10206846
10356026
10288225
10233852
10356117
10288431
10020775
10095663
10172077
10096116
10337832
10039568
10118797
10235908
10233913
10337806
80023466
10020591
10087537
10318853
10190450
10004292
80024897
10288360
10380491
80021838
10023753
10288335
10288557
10038360
10337876
10039557
10339784
10230120
10287356
10222243
10230220
10087676
10255760
10070992
10337736
10365426
10380483
10230232
80024901
10210208
10196013
10235954
10313999
10313703
10193497
10287508
10298891
10095805
10287983
10066950
80000580
10287552
10192214
10084418
10316734
10337834
10183604
80004774
10072328
10183783
80025058
10067140
10044697
10213599
10281878
10070313
10238373
10287839
10119365
10289304
80023042
10211310
10250027
10187134
10203635
10020144
10038255
80013574
10289277
10074740
10277333
10185655
10352448
61061893
10040796
80022421
10264420
10015059
80036430
10207444
10310227
10210048
10018434
10353004
10053405
80034879
10195462
10058169
10287546
80000672
10227614
10311918
10278733
10019403
10186044
10187098
10288172
10271156
10378438
10319497
10119934
10287293
10093441
10087298
10016528
10287679
10095233
10024318
10023692
10287514
10213459
10074243
10021354
10080654
10045695
10176145
10301077
10206633
10228711
10077968
10256391
80023153
80033957
10337516
10400048
10055845
10077350
10184004
10225492
10203361
61071976
10067099
10094240
10210056
10190682
10228945
10127459
10207264
80036433
80000101
10370235
10175172
10260026
80013287
10043684
10257690
10022548
10288448
10223800
10226970
10210129
10380553
10268670
80013259
10056602
10288309
10095776
10056062
10138490
10180415
10135276
10298890
10296158
10032400
10063311
10129855
10256913
80013108
10355914
10284873
10095480
10246868
10293966
10207502
10076105
10287861
10186132
10177170
10287867
10180400
10206418
10194285
10365507
10072506
10180187
10072751
10210174
10173092
10338399
10295639
10227403
10297067
10256349
10310814
10009504
10213486
80018041
10085871
10185135
10186310
10322201
10195905
10040463
10339241
10020111
10094144
10093217
10206809
10287714
10287296
10288743
10068858
10194541
10011282
10226513
10187055
10040188
10222169
10066966
10022579
10210070
10297183
10256438
10229013
10287383
10047830
10085859
10015029
10287909
10187071
10287932
80002731
10287772
10196976
10287726
10371489
10371677
10296387
10288339
10287917
10180285
10029214
10235980
10177502
10199607
10009645
10180264
10354818
10391894
10045186
10287515
10319393
10177702
10288280
10213468
10337482
10021484
10177831
10383569
10006677
10095645
80013248
10063558
10319370
10217413
10297863
10352964
10093969
10028899
10211307
10135150
10081982
10208994
10078887
10365402
10174972
10214655
80033956
10085783
10077372
10230151
80034774
10406064
10315637
10278598
10170451
10297002
10074724
10288146
10288267
10213519
10061143
10087923
80036599
80025151
10025169
10210937
10067089
10062736
10368833
80036121
10345658
10238100
10180224
10018481
10066766
10333929
10230178
10216782
10174410
10257935
10004294
10211292
80001085
10180289
10118052
10210019
80017417
10340450
10085358
10089281
10216793
10185826
10105388
10223813
10093418
80018141
10210146
10183016
10196501
10051685
10187113
10057675
10315139
80034058
10039885
10228971
10225666
10029856
10288235
10239182
10287386
10193624
10203983
80016989
10319338
10050155
10077752
10126826
10021180
10184450
10318379
10187108
10075530
10093479
10091707
10007728
10175711
80000504
10247893
10390175
10056368
10256727
10070168
10079892
10062035
10213580
10197995
10288056
10203360
10188021
10091601
10345541
10209278
10093974
10005282
10338405
10074015
10287682
10180229
10231433
10288305
10117018
80033271
10383568
10017600
10125915
80033954
10131132
10273119
10339947
80024564
10072395
10227395
10093443
10050125
10227867
10213509
10287532
10334440
10288126
10282887
10235219
10179004
10185721
10216801
10182304
10255198
10298283
80000427
10177453
10022854
10223675
10211208
10287753
10406779
10216789
10004350
10338981
80005366
10180117
10072059
10182494
10064148
10077593
10337871
80000102
10371612
80019640
10180338
10190069
10047946
10127027
10223940
10174958
10337987
10024288
10248299
10190445
10337917
80005376
10084502
10236012
10121615
10187056
10306322
10119703
10289293
10095547
10226508
10030664
10043650
10186083
10282537
80001021
10059231
10256932
10255443
10064772
10340807
10021413
10004982
10230174
10244037
10137502
10176607
10050210
10230134
10297186
80024889
10052008
10077727
10028446
10186029
10365448
10002356
10195153
10195531
10210039
10278581
10075617
10316732
10015506
10048547
10007050
10390066
10025334
10376415
10173531
10210840
10184012
10288359
10041386
10350863
10209193
10390131
10256405
61066239
10198008
10005430
10316452
10007284
80024903
10128926
10288118
10274641
80000787
10219275
10093545
10136931
10180258
10374538
10348350
10071024
10254849
10288123
10314136
10383625
10213621
10019465
10224770
10009667
10287725
10050923
10025459
10288105
10050074
10210849
10308252
10089658
10180019
10062461
80013414
10067194
10185262
10383572
10075620
10268832
10079985
10007975
10239181
10287496
10287539
10287837
10010915
10023853
10391607
80033960
10135371
10030942
10236856
80000442
10224319
10230962
10213512
10264711
10264699
10198010
10074284
10231316
10329940
10213528
10287971
10298281
10337669
10095482
10287599
10312542
10180404
10083621
10058319
10115967
10375326
10352975
80034816
10380510
10041256
10257004
80021116
10207073
10338377
10043263
10049015
10187009
10185319
10119851
10303036
10177116
10311739
LYBL20250703000016
10013496
10391630
10078920
10171603
10287696
10180246
10095825
10363956
10228933
10055876
10187045
10021908
10299937
10194919
10287914
10019737
10030005
10059686
10174317
10187029
10288419
10310657
10165496
10079382
10187031
10235987
80033961
10337511
10378688
10173483
10084497
10117870
10316283
10288122
10329934
10214485
10287855
10390069
10337999
80015360
10223366
10287947
10009499
10217959
10005807
10318139
10017869
10295060
10309593
10089129
10305670
10213572
10321214
10089647
10337799
10337753
10020811
10259062
